46883,49077,41168,44263,45113,
46883,37058,27875,49077,37121,
46883,37058,15128,49077,21958,
46883,37058,25062,27611,15128,
46883,37058,27611,27875,15128,
46883,37058,21958,15128,25062,
46883,37058,27875,15128,12551,
37058,46883,15128,27611,27875,
46883,27611,37058,25062,15128,
46883,27611,37058,15128,25062,
46883,25062,27611,37058,15128,
46883,37058,15128,27611,27875,
46883,27611,37058,25062,15128,
46883,37058,27611,27875,49077,
37058,46883,27611,15128,49077,
46883,37058,27875,37121,49077,
46883,37058,15128,27611,27875,
46883,37058,15128,27611,27875,
46883,37058,27875,27611,25062,
37058,46883,27875,15128,12551,
46883,37058,15128,27611,27875,
46883,37058,15128,27611,27875,
46883,37058,15128,27611,27875,
46883,27611,15128,37058,27875,
37121,46883,37058,15128,27611,
46883,37058,49077,48705,47018,
37058,46883,15128,49077,27611,
46883,37058,49077,27875,27611,
37058,15128,27875,46883,27611,
37058,46883,27875,27611,44684,
46883,27611,15128,25062,44263,
46883,37058,15128,27611,27875,
46883,37058,15128,27611,27875,
46883,37058,27611,27875,26981,
46883,21958,37058,44008,27611,
46120,37058,46883,27611,27875,
15128,37058,46883,27611,27875,
37058,46883,49077,42483,21984,
46883,37058,27611,49077,48705,
37058,27611,46883,27875,21517,
46883,37058,15128,27611,27875,
37058,27875,46883,15128,27611,
46883,37058,27611,25062,45444,
46883,37058,15128,27611,27875,
46883,37058,27611,15128,27875,
46883,27611,32644,31868,39283,
21958,37058,46883,15128,27611,
41463,15472,13454,46883,37058,
46883,15128,27611,37058,27875,
46883,37058,15128,27611,27875,
46883,37058,15128,27611,27875,
37058,46883,27875,15128,27611,
46883,37058,15128,27611,27875,
37058,27611,23548,46883,12551,
46883,37058,15128,27611,27875,
3245,9915,46883,15128,16841,
46883,37058,27611,27875,41168,
37058,15128,27875,46883,27611,
37058,46883,15128,27611,27875,
46883,37058,15128,27875,44263,
46883,37058,15128,49077,45444,
46883,37058,15128,27611,27875,
42483,46883,29106,37058,15128,
46883,27611,15128,37058,12551,
46883,37058,15128,27611,27875,
37058,46883,15128,27611,27875,
46883,37058,15128,27611,27875,
46883,37058,27611,15128,27875,
37058,46883,15128,27875,27611,
46883,37058,15128,27611,27875,
46883,37058,15128,27611,27875,
46883,37058,15128,27875,27611,
46883,37058,15128,27611,27875,
46883,37058,15128,16841,27875,
21958,37058,30100,11478,46883,
46883,37058,49077,44401,41168,
46883,37058,15128,27611,27875,
37058,15128,27875,46883,27611,
46883,37058,15128,27611,49077,
27611,37058,46883,15128,13506,
46883,37058,32388,49077,37121,
46883,15128,37058,27611,27875,
46883,37058,15128,27611,27875,
46883,27611,37058,15128,27875,
46883,37058,27611,49077,27875,
37058,27611,46883,15128,27875,
46883,37058,15128,27611,27875,
46883,49077,37058,15128,27611,
46883,37058,27611,27875,15128,
37058,46883,27875,27611,21517,
46883,37058,27875,49077,41168,
46883,17130,37058,15128,27611,
49077,48705,47018,49341,46883,
46883,15128,37058,42483,27611,
46883,37058,27611,27875,15128,
46883,37058,15128,27611,27875,
46883,15128,37058,27611,49077,
46883,15128,37058,27611,25062,
46883,37058,15128,27611,27875,
46883,15128,37058,27875,27611,
46883,37058,27611,15128,49077,
37058,49077,48705,47018,49341,
46883,37058,49077,37121,44684,
46883,15128,37058,27611,25062,
46883,37058,15128,27611,27875,
46883,37058,27611,15128,27875,
46883,37058,15128,27611,27875,
46883,37058,27611,27875,15128,
46883,27611,15128,25062,41168,
46883,37058,42483,27875,27611,
46883,37058,27875,37121,49077,
46883,37058,21958,18951,15128,
46883,37058,27611,27875,41168,
45594,46883,37058,15128,38242,
46883,37058,27875,15128,25062,
46883,37058,27875,27611,15128,
21517,37058,27611,46883,49077,
46883,37058,15128,27611,27875,
46883,37058,38326,41168,44401,
46883,27611,15128,37058,25062,
37058,46883,27611,15128,27875,
37058,46883,49077,32388,15128,
46883,37058,49077,27611,27875,
46883,27611,37058,15128,25062,
37058,15128,27611,27875,46883,
46883,37058,15128,49077,27611,
46883,37058,15128,27611,27875,
37058,27875,46883,27611,37121,
46883,37058,27611,15128,27875,
37058,27875,46883,15128,27611,
46883,42483,37058,21984,15128,
46883,37058,27611,1812,15128,
46883,37058,15128,27875,41168,
46883,37058,15128,27611,27875,
46883,37058,15128,27611,27875,
37420,37058,46883,48960,21958,
46883,21517,37058,27611,49077,
37058,46883,15128,1812,27611,
46883,37058,15128,27611,27875,
46883,27611,37058,27875,41168,
46883,37058,27611,27875,15128,
46883,25062,37058,27611,27875,
46883,37058,15128,27611,27875,
46883,49077,37058,27611,27875,
46883,37058,15128,27611,27875,
46883,37058,21958,27875,15128,
46883,37058,27875,27611,49077,
46120,37058,46883,27875,27611,
46883,37058,27611,15128,27875,
37058,15128,27875,46883,27611,
46883,37058,27611,27875,15128,
46883,37058,27611,27875,49077,
46883,37058,15128,27611,27875,
37058,46883,15128,21958,12551,
46883,37058,27875,44263,31868,
46883,36122,37058,12834,27875,
46883,15128,37058,27875,45444,
13454,42483,46883,37058,29106,
37058,38592,15128,46883,27875,
46883,15128,37058,27875,27611,
46883,37058,27611,27875,25062,
37058,46883,30486,41989,42516,
46883,27611,37058,15128,27875,
46883,37058,27611,27875,15128,
46883,37058,27611,27875,21958,
46883,15128,42873,41168,37058,
46883,37058,27611,15128,27875,
46883,37058,27611,15128,27875,
46883,37058,27611,15128,27875,
46883,37058,27875,27611,15128,
46883,16896,45594,25062,46277,
37058,46883,15128,49077,37121,
46883,28786,37058,15128,27875,
37058,46883,27875,27611,26981,
46883,37058,15128,27611,27875,
37058,46883,23548,15128,27611,
46883,37058,15128,45444,44008,
37058,46883,15128,27875,27611,
37058,46883,15128,27875,27611,
46883,46277,49077,48705,47018,
46883,37058,15128,27611,27875,
37058,46883,25062,27875,27611,
37058,27611,15128,46883,49077,
37058,27875,27611,46883,15128,
46883,25062,37058,27611,27875,
46883,37058,15128,27611,25062,
38592,13559,37058,46883,27875,
46883,37058,15128,27611,38427,
46883,37058,27611,15128,49077,
46883,37058,15128,49077,27611,
46883,42483,37058,21984,15128,
46883,37058,15128,27611,27875,
46883,44263,44401,37058,41168,
46883,25062,26871,41168,27611,
46883,16301,31290,39270,15128,
46883,44263,25062,32644,37058,
46883,37058,15128,27611,27875,
37058,46883,15128,27611,27875,
46883,37058,15128,27611,27875,
37058,44263,49077,46883,15128,
27611,37058,49077,46883,27875,
46883,37058,27611,42483,27875,
46883,37058,15128,27611,27875,
46883,37058,27611,32388,49077,
46883,37058,27611,49077,27875,
46883,37058,27875,15128,25062,
46883,49077,37058,41168,15128,
46883,27611,37058,25062,15128,
37058,46883,27875,27611,26981,
46883,37058,49077,27875,15128,
37058,46883,27611,49077,27875,
46883,37058,27611,49077,48705,
29580,46883,37058,27611,15128,
46883,37058,15128,27611,27875,
46883,25062,37058,1812,27611,
46883,37058,42483,25062,27875,
46883,37058,15128,27875,27611,
46883,27611,37058,15128,27875,
37058,27611,46883,15128,27875,
37121,46883,37058,27611,25062,
46883,27611,37058,25062,15128,
37058,46883,15128,27611,27875,
46883,37058,27611,25062,21958,
46883,37058,27875,15128,27611,
46883,49077,45444,37058,15128,
46883,37058,27611,25062,26981,
37058,15128,27875,46883,27611,
46883,37058,27611,25062,21958,
46883,37058,27875,15128,27611,
46883,37058,15128,27611,27875,
42483,46883,29106,37058,49077,
46883,37058,15128,27611,27875,
46883,15128,37058,27875,12551,
45594,46883,46277,37058,15128,
37058,46883,15128,27875,32388,
37058,15128,46883,27875,27611,
46883,42483,37058,29106,28096,
46883,37058,15128,27875,27611,
37058,46883,27875,15128,27611,
21958,46883,29580,27578,16191,
46883,37058,15128,27611,27875,
37058,49077,46883,27875,27611,
46883,21958,37058,25062,27611,
46883,37058,27875,27611,15128,
46883,37058,27875,27611,15128,
46883,37058,15128,27611,27875,
37058,15128,27875,46883,27611,
46883,37058,25062,27611,41168,
46883,37058,15128,27875,27611,
46883,37058,27611,27875,26981,
46883,37058,27611,27875,25062,
45594,45755,46883,37058,15128,
37058,46883,41082,48392,49077,
46883,37058,15128,27875,12551,
37058,46883,27875,15128,12551,
37058,46883,27875,27611,49077,
46883,37058,15128,27611,27875,
37058,46883,27611,27875,49077,
37058,46883,27875,27611,26981,
37058,27611,46883,42483,27875,
46883,37058,15128,28208,27875,
37058,46883,15128,49077,37121,
37058,49077,46883,27611,23548,
37058,46883,15128,25062,27875,
46883,37058,15128,27611,27875,
46883,27611,37058,25062,15128,
49077,37058,27611,46883,27875,
46883,15128,37058,27611,27875,
37058,46883,27611,15128,27875,
46883,37058,27611,49077,27875,
46883,37058,15128,27875,41168,
46883,49077,45444,37058,15128,
46883,37058,15128,27611,27875,
37058,46883,27875,27611,26981,
37058,46883,15128,21517,27611,
46883,42483,37058,15128,27611,
46883,37058,15128,27875,26981,
46883,37058,27875,27611,15128,
37058,46883,27875,27611,49077,
37058,15128,46883,27875,27611,
46883,37058,27875,21958,27611,
46883,37058,15128,27611,27875,
46883,37058,23548,27611,49341,
46883,37058,15128,27611,27875,
46883,37058,27875,27611,15128,
46883,37058,27611,27875,25062,
37058,49413,15128,27611,46883,
46883,44401,41168,49077,38446,
37058,46883,27611,27875,26981,
21958,37058,46883,44008,27611,
46883,37058,15128,27611,27875,
39270,37058,49341,46883,45013,
37058,46883,15128,27875,27611,
37058,46883,15128,27875,27611,
46883,37058,27611,49077,15128,
46883,37058,15128,27611,27875,
46883,15128,37058,1812,27611,
46883,37058,15128,27875,37121,
37058,46883,27611,27875,49077,
46883,37058,25062,27611,41168,
37058,46883,27611,49077,15128,
37058,30100,46883,15128,27611,
37058,46883,15128,27875,27611,
46883,37058,15128,27611,27875,
46883,45755,37058,27611,25062,
49077,48705,47018,49341,46883,
46883,15128,37058,27875,49077,
37058,46883,15128,27611,27875,
46883,37058,27611,27875,25062,
46883,37058,27875,15128,27611,
46883,37058,36122,27611,27875,
37058,46883,27875,15128,27611,
46883,37058,27611,21958,27875,
37058,15128,46883,49077,37121,
46883,37058,27611,15128,27875,
15128,37058,46883,12551,27611,
46883,37058,27611,25062,45444,
46883,27611,37058,15128,27875,
46883,37058,15128,27611,27875,
46883,37058,27611,25062,37121,
46883,37058,15128,27611,27875,
37058,27875,46883,27611,49077,
46883,37058,15128,27611,27875,
37058,27611,46883,27875,49077,
46883,37058,25062,15128,27875,
46883,21958,37058,15128,27875,
46883,37058,27611,25062,26981,
15128,46883,37058,27611,49077,
46883,37058,15128,27611,27875,
46883,37058,27875,27611,26981,
46883,37058,27611,27875,26981,
46883,15128,37058,27611,27875,
46883,37058,15128,27611,27875,
46883,25062,27611,37058,31868,
37058,46883,15128,32388,27611,
37058,46883,27611,15128,27875,
37058,46883,32388,49077,37121,
46883,15128,37058,49077,27611,
37420,37058,46883,27611,15128,
37058,27875,46883,27611,15128,
46883,21958,37058,27611,27875,
46883,37058,27611,23548,15128,
37058,46883,27611,49077,27875,
46883,38326,37058,41168,44401,
46883,49077,37121,44684,38242,
37058,27875,15128,27611,46883,
46883,37058,15128,27611,27875,
37058,30100,21958,46883,15128,
37058,46883,27611,27875,49077,
46883,15128,27611,25062,37058,
46883,48960,49077,48705,47018,
37058,46883,27875,15128,27611,
46883,37058,15128,27611,27875,
37058,15128,46883,27875,27611,
37058,46883,27611,15128,27875,
46883,37058,27611,27875,25062,
15128,37058,46883,27611,27875,
15128,46883,37058,12551,27611,
37058,46883,27611,1812,15128,
46883,37058,15128,27611,27875,
46883,37058,27875,15128,27611,
37058,46883,15128,49077,27875,
46883,37058,15128,27611,27875,
46883,37058,15128,27611,27875,
46883,37058,15128,27611,27875,
49077,37121,44684,38242,44263,
46883,37058,15128,27611,27875,
37058,46883,15128,27611,27875,
46883,27611,49077,37058,27875,
37058,46883,27611,15128,27875,
46883,27611,37058,27875,15128,
46883,42483,37058,29106,28096,
46883,37058,27611,1812,15128,
37058,46883,27875,15128,27611,
37058,46883,15128,27611,27875,
46883,15128,25062,42483,1812,
46883,37058,15128,27611,27875,
49077,37058,27611,46883,27875,
46883,37058,27611,25062,45444,
46883,37058,18951,21958,15128,
46883,37058,15128,27611,27875,
37058,46883,15128,27875,27611,
46883,15128,37058,27611,27875,
27611,37058,46883,27875,15128,
46883,1812,37058,15128,27611,
46883,37058,48960,27611,27875,
37058,46883,27611,26981,27875,
46883,37058,45444,41168,15128,
46883,27611,37058,15128,25062,
46883,37058,27611,27875,15128,
46883,37058,15128,27611,27875,
37058,46883,32388,49077,37121,
46883,37058,15128,27611,27875,
46883,37058,15128,27875,27611,
11478,30100,37058,46883,15128,
46883,37058,15128,27611,27875,
46883,37058,36122,27875,27611,
46883,37058,27875,49077,15128,
46883,49077,44684,45444,41168,
37058,27875,15128,46883,27611,
37058,46883,15128,44401,41168,
37058,46883,32388,49077,37121,
37058,27611,27875,49077,46883,
46883,37058,15128,27611,27875,
46883,45444,49077,48705,47018,
46883,37058,15128,27611,27875,
45755,46883,37058,15128,27611,
37058,46883,27611,27875,15128,
46883,37058,27875,15128,27611,
46883,37058,15128,27611,27875,
37058,21517,25062,49077,27611,
37058,46883,15128,27611,27875,
46883,49077,45113,44401,44684,
41463,46883,37058,27611,27875,
46883,37058,49077,27611,21517,
37058,46883,49077,27611,27875,
46883,37058,27611,25062,45444,
46883,37058,15128,27611,27875,
46883,42873,41168,45444,49077,
46883,37058,15128,27875,27611,
37058,46883,21958,27875,27611,
46883,37058,15128,27611,27875,
46883,37058,27611,15128,27875,
37058,30486,46883,15128,27611,
37058,46883,27875,49077,15128,
37420,46883,37058,15128,27875,
46883,37058,27611,27875,25062,
46883,18694,37058,27611,25062,
37058,46883,25062,1812,27611,
46883,25062,37058,41168,26871,
27611,46883,42483,49077,37058,
37058,46883,15128,27611,27875,
46883,37058,15128,27875,27611,
46883,37058,27875,27611,15128,
46883,42483,27611,25062,37058,
37058,27611,49077,27875,46883,
38592,37058,46883,27611,27875,
15128,37058,46883,12551,27611,
37058,27611,46883,27875,39773,
46883,37058,37121,41168,49077,
46883,15128,37058,27875,27611,
37058,46883,15128,27611,27875,
37058,46883,15128,27611,27875,
39270,46883,24175,45013,37058,
46883,37058,15128,27611,27875,
46883,37058,15128,27875,27611,
37058,46883,1812,27875,15128,
46883,37058,15128,27611,27875,
46883,37058,15128,27611,27875,
46883,15128,27611,37058,12551,
37058,46883,15128,27875,44263,
37058,46883,15128,27875,27611,
46883,27611,37058,49077,27875,
46883,37058,15128,27875,27611,
37058,46883,15128,27611,27875,
46883,21958,37058,49077,27611,
37058,46883,27875,27611,25062,
35303,43836,7829,37058,15128,
37058,46883,15128,27875,27611,
46883,37058,15128,27875,27611,
46883,37058,45444,41168,15128,
46883,37058,15128,27611,27875,
49077,48705,47018,49341,46883,
46883,37058,15128,27611,27875,
46883,37058,27611,49077,41168,
46883,37058,27611,15128,27875,
46883,37058,49077,27875,15128,
15128,37058,46883,27611,27875,
46883,16896,45594,46277,28809,
46883,37058,27611,27875,15128,
46883,21958,37058,1812,27875,
49077,48705,47018,49341,46883,
46883,27611,37058,25062,27875,
37058,27875,46883,27611,21517,
46883,37058,15128,27611,27875,
37058,46883,15128,27875,27611,
46883,37058,15128,27611,27875,
46883,37058,27875,27611,15128,
46883,37058,30100,27611,29580,
49077,46883,44263,45113,40236,
46883,37058,15128,27611,27875,
46883,37058,15128,27611,27875,
37058,46883,27611,15128,12551,
46883,49077,27611,25062,37058,
46883,37058,15128,27611,27875,
46883,37058,15128,27611,27875,
46883,37058,15128,27611,27875,
27611,37058,46883,27875,15128,
43836,37058,49077,27611,27875,
37058,27875,46883,15128,27611,
46883,41168,27611,26871,31868,
37058,46883,27875,25062,27611,
37058,46883,15128,49341,27875,
46883,27611,37058,49077,21517,
46883,37058,15128,27611,27875,
37058,46883,15128,27875,27611,
45755,46883,37058,42483,27875,
46883,37058,15128,27611,27875,
46883,37058,27875,15128,27611,
19674,36645,13454,46883,37058,
46883,27611,37058,27875,15128,
46883,37058,15128,27875,27611,
46883,15128,37058,27611,25062,
37058,30486,46883,15128,27611,
46883,48960,37058,27875,37121,
46883,37058,27611,15128,27875,
46883,25062,32644,27611,1812,
37058,46883,27875,15128,27611,
37058,27611,23548,46883,12551,
46883,37058,15128,27875,27611,
46883,37058,18951,21958,27611,
37058,46883,27875,27611,44263,
46883,25062,1812,27611,37058,
46883,37058,15128,27611,27875,
37058,27875,27611,15128,46883,
46883,49077,41168,44263,45113,
46883,37058,15128,27611,27875,
46883,45444,49077,44762,44401,
46883,37058,44263,25062,27875,
37058,27875,15128,46883,27611,
37058,46883,27875,15128,49077,
46883,21958,37058,27611,19881,
37058,46883,27611,27875,26981,
46883,27611,37058,15128,27875,
37058,17130,36122,46883,18694,
46883,25062,26871,41168,27611,
37058,27875,15128,46883,27611,
46883,37058,27611,15128,27875,
46883,37058,15128,27611,27875,
46883,37058,27611,49077,27875,
37058,46883,27875,15128,27611,
46883,37058,15128,27875,27611,
46883,49077,37058,15128,27611,
46883,37058,15128,27611,27875,
46883,37058,49077,15128,44263,
46883,37058,27611,27875,15128,
49077,48705,47018,49341,46883,
37058,46883,27611,15128,27875,
46883,37058,27611,15128,27875,
46883,37058,15128,27611,27875,
46883,37058,27611,25062,45444,
29580,37058,21958,27578,16191,
37058,27875,27611,15128,46883,
37058,46883,32388,49077,37121,
46883,37058,49077,27875,15128,
46883,37058,15128,17950,27875,
37058,29580,21941,21958,16191,
46883,37058,15128,27611,27875,
46883,44401,41168,49077,38446,
46883,37058,27611,27875,15128,
46883,37058,15128,27875,27611,
46883,37058,27611,27875,25062,
49413,46883,37058,27875,27611,
46883,37058,27611,15128,27875,
46883,37058,15128,27611,27875,
46883,15128,37058,27611,25062,
15128,46883,37058,12551,27611,
37058,15128,46883,27875,27611,
46883,37058,27611,27875,49077,
46883,27611,25062,37058,49077,
28786,46883,37058,27611,27875,
46883,42483,37058,21984,15128,
46883,27611,37058,15128,27875,
46883,15128,37058,27875,27611,
37058,42483,46883,27875,15128,
38927,46883,27611,37058,27875,
37058,49077,21517,27611,27875,
46883,37058,27875,27611,26981,
46883,37058,15128,27611,49077,
46883,17130,37058,15128,41168,
46883,15128,37058,27611,27875,
37058,46883,32388,49077,37121,
46883,37058,15128,27611,27875,
37058,15128,27875,46883,27611,
37058,27611,46883,27875,15128,
46883,37058,15128,27611,27875,
46883,37058,15128,27611,49077,
46883,37058,27611,49077,41168,
37058,15128,46883,27875,27611,
46883,37058,27875,27611,49077,
46883,25062,26871,41168,27611,
37058,46883,27875,15128,27611,
46883,37058,27875,27611,25062,
46883,37058,15128,27611,25062,
46883,44263,37058,27611,49077,
46883,37058,27875,15128,27611,
46883,41082,48392,37058,15128,
46883,37058,15128,27611,27875,
46883,37058,27875,27611,49077,
3245,9915,46883,16841,41082,
46883,37058,27611,27875,21517,
46883,37058,27611,27875,26981,
46883,37058,15128,27611,27875,
46883,37058,15128,27875,27611,
46883,15128,37058,12551,27611,
46883,37058,15128,27875,27611,
37058,46883,27875,27611,15128,
46883,27611,32644,31868,37058,
37058,46883,15128,45444,44684,
37058,46883,15128,27611,27875,
46883,45444,49077,44762,44401,
46883,37058,21958,15128,1812,
37058,46883,15128,27611,27875,
49077,48705,47018,49341,46883,
46883,42483,27611,37058,32644,
46883,37058,15128,27611,27875,
37058,27875,46883,27611,49077,
46883,37058,15128,27611,27875,
46883,15128,37058,27611,27875,
37058,46883,49077,27875,27611,
37058,27611,23548,46883,12551,
37058,46883,27611,27875,29331,
37058,46883,27875,27611,15128,
46883,25062,27611,49077,44263,
37058,46883,27875,15128,49077,
46883,37058,49077,21517,25062,
46883,38326,37058,41168,44401,
46883,37058,27611,15128,27875,
46883,37058,15128,27611,27875,
46883,37058,15128,27611,27875,
37058,46883,27875,27611,26981,
46883,37058,15128,27611,27875,
46883,27611,37058,15128,27875,
9915,46883,16841,15128,37058,
46883,37058,15128,27611,27875,
37058,15128,46883,27875,27611,
46883,49077,37058,15128,27611,
37058,46883,27875,27611,32388,
46883,37058,15128,41168,27611,
46883,29580,21958,27578,37058,
46883,37058,18951,21958,41168,
46883,27611,41168,25062,15128,
46883,37058,15128,27875,27611,
39270,46883,24175,45013,37058,
46883,37058,15128,27611,27875,
46883,42483,37058,15128,27611,
46883,37058,27611,15128,27875,
37058,46883,15128,27611,27875,
46883,27611,37058,15128,25062,
46883,37058,15128,27611,27875,
37058,15128,27875,46883,27611,
46883,1812,37058,15128,27611,
46883,37058,41168,37121,49077,
46883,27611,37058,15128,25062,
46883,27611,25062,37058,49077,
46883,37058,15128,27611,27875,
37058,46883,27611,42483,27875,
46883,27611,49077,21517,37058,
46883,37058,27611,49077,37121,
46883,15128,37058,27611,27875,
46883,37058,27611,15128,25062,
46883,37058,15128,27611,27875,
46883,37058,27611,27875,15128,
46883,37058,15128,27611,27875,
46883,37058,15128,27611,27875,
15128,37058,46883,27611,27875,
46883,37058,21958,25062,15128,
27875,27611,46883,37058,15128,
46883,37058,27611,25062,45444,
46883,37058,15128,27611,27875,
37121,37058,46883,27611,49077,
46883,37058,15128,27611,27875,
46883,37058,15128,41168,27611,
46883,37058,27611,27875,21517,
46883,37058,27611,15128,27875,
46883,27611,15128,25062,41168,
37058,27875,15128,46883,27611,
37058,46883,49077,38446,44263,
37058,46883,21958,15128,27875,
46883,37058,15128,27611,27875,
46883,37058,15128,27611,27875,
15128,46883,37058,27611,27875,
46883,37058,15128,27611,27875,
46883,25062,1812,21958,37058,
46883,37058,15128,27611,27875,
46883,37058,15128,27611,27875,
46883,42483,37058,38446,37121,
46883,37058,15128,27611,27875,
46883,27611,41168,25062,15128,
46883,37058,27611,15128,27875,
46883,37058,15128,27611,27875,
46883,49077,27611,37058,27875,
49077,37121,44684,38242,44263,
37121,46883,37058,27875,27611,
34209,46120,37058,46883,15128,
37058,46883,15128,49077,27875,
46883,21958,37058,15128,27611,
46883,37058,15128,27611,27875,
37058,46883,27875,27611,49077,
46883,37058,15128,27611,27875,
49077,48705,47018,49341,46883,
46883,27611,25062,15128,37058,
46883,37058,27875,15128,27611,
46883,37058,15128,27611,27875,
46883,37058,15128,27611,27875,
46883,15128,37058,27611,27875,
38927,46883,37058,27875,15128,
46883,37058,15128,27611,27875,
46883,27611,37058,15128,49077,
46883,37058,15128,27875,49077,
37058,15128,46883,27875,49077,
46883,37058,27875,27611,15128,
49077,37058,27611,46883,27875,
46883,37058,49077,27611,27875,
46883,45594,46277,37058,21958,
46883,37058,15128,27611,27875,
46883,15128,25062,37058,12551,
46883,37058,15128,27611,27875,
46883,37058,27875,15128,12551,
46883,37058,15128,27611,27875,
46883,37058,27875,27611,41168,
46883,37058,15128,27875,27611,
46883,37058,27875,27611,15128,
46883,37058,15128,27611,27875,
46883,37058,15128,39270,27875,
46883,37058,15128,27611,27875,
37058,46883,27875,27611,15128,
37058,46883,27611,25062,49077,
37058,46883,27875,49077,27611,
46883,37058,15128,27611,27875,
37058,46883,49077,45444,45113,
46883,49077,15128,37058,27875,
46883,37058,21958,15128,1812,
15128,46883,37058,27611,27875,
46883,21958,37058,27611,25062,
46883,15128,37058,27875,27611,
46883,37058,15128,27611,27875,
46883,37058,18951,21958,27611,
37058,46883,27875,15128,27611,
29580,37058,49077,37121,44684,
46883,37058,15128,27611,27875,
46883,37058,27875,27611,15128,
46883,27611,37058,15128,27875,
37058,15128,46883,49077,27875,
29580,46883,21958,27578,37058,
46883,37058,15128,27611,27875,
46883,27875,37058,15128,25062,
46883,15128,27875,37058,27611,
46883,37058,26981,15128,27875,
37058,46883,15128,17950,27875,
46883,37058,15128,27875,27611,
46883,37058,36122,27875,38427,
46883,37058,15128,27611,27875,
37058,46883,27875,27611,26981,
37058,46883,27875,15128,27611,
46883,16841,25062,37058,1812,
46883,37058,15128,27611,27875,
46883,37058,27611,15128,27875,
31825,37058,46883,15128,27875,
37058,27611,46883,37121,27875,
46883,37058,15128,27875,27611,
46883,37058,15128,27611,27875,
46883,37058,15128,27611,27875,
37058,46883,27875,27611,49077,
46883,15128,37058,12551,27611,
46883,37058,27611,23548,15128,
46883,37058,27611,27875,37121,
37058,46883,27611,27875,15128,
37058,27875,46883,15128,27611,
37058,15128,17950,27875,46883,
42483,46883,37058,29106,49077,
46883,27611,49077,37058,27875,
37058,27875,46883,27611,49077,
46883,49077,37058,27611,27875,
46883,37058,15128,27611,27875,
46883,36122,37058,15128,27875,
15128,46883,37058,27875,27611,
46883,27611,37058,25062,27875,
37058,46883,15128,27875,27611,
37058,46883,15128,27611,27875,
37058,15128,27875,46883,27611,
37058,27611,46883,15128,27875,
37058,15128,46883,27875,27611,
46883,37058,15128,27611,27875,
45755,46883,37058,15128,27611,
46883,49077,37121,44684,38242,
46883,27611,15128,37058,27875,
46883,37058,15128,27611,27875,
37058,30100,46883,15128,27611,
46883,37058,27611,27875,25062,
46883,37058,15128,27611,25062,
46883,37058,15128,27611,27875,
46883,37058,15128,27875,26981,
49077,48705,47018,49341,46883,
46883,49077,48705,47018,49341,
46883,37058,15128,27611,27875,
37058,15128,27875,46883,27611,
46883,37058,27875,37121,49077,
46883,37058,15128,27611,27875,
46883,37058,27611,15128,27875,
46883,42483,45444,49077,37058,
46883,37058,27875,15128,27611,
37121,37058,27875,15128,27611,
37058,46883,15128,27611,27875,
46883,37058,15128,27611,27875,
49077,37121,44684,38242,44263,
37058,46883,27875,27611,26981,
46883,27611,37058,27875,41168,
37420,37058,46883,27611,27875,
46883,37058,15128,27611,27875,
46883,37058,25062,21958,1812,
46883,37058,15128,27611,27875,
37058,27875,46883,27611,49077,
46883,37058,27611,25062,45444,
46883,37058,27611,25062,15128,
46883,42483,37058,29106,45444,
46883,37058,15128,27611,27875,
46883,37058,27611,15128,27875,
46883,37058,15128,27611,27875,
37058,46883,27875,37121,49077,
37058,46883,27875,27611,32388,
46883,37058,15128,27875,27611,
46883,37058,27611,25062,45444,
46883,37058,49077,44684,45444,
46883,37058,49077,37121,44684,
46883,37058,27611,15128,27875,
46883,37058,15128,27611,27875,
15128,37058,46883,12551,27611,
46883,37058,27611,15128,27875,
46883,37058,37121,49077,41168,
37058,46883,15128,27875,27611,
46883,37058,15128,27611,27875,
37058,27611,27875,49077,46883,
46883,37058,27875,27611,49077,
37058,46883,27875,15128,27611,
37058,46883,27611,27875,15128,
46883,37058,15128,27611,25062,
46883,37058,18951,21958,27611,
46883,37058,27611,1812,15128,
46883,37058,15128,27611,27875,
46883,37058,15128,27875,37121,
46883,37058,27611,27875,25062,
37058,27875,27611,46883,21517,
46883,27611,37058,27875,41168,
46883,15128,27611,25062,37058,
46883,37058,15128,27611,27875,
46883,37058,27875,49077,37121,
46883,15128,37058,27611,27875,
37058,46883,27875,27611,26981,
46883,37058,15128,27611,27875,
46883,37058,27875,15128,49077,
46883,48705,37058,27611,25062,
46883,37058,15128,27611,27875,
37058,21958,46883,49077,48705,
37058,46883,15128,27875,27611,
46883,37058,49077,27611,27875,
37058,27611,27875,46883,15128,
46883,37058,15128,27611,27875,
46883,21958,37058,44008,27611,
37058,15128,27611,27875,46883,
46883,37058,15128,27611,27875,
46883,37058,15128,27611,27875,
46883,37058,15128,27611,27875,
46883,49341,37058,27875,27611,
46883,15128,37058,27611,27875,
46883,37058,27875,27611,49077,
37058,46883,15128,27611,27875,
37058,27875,15128,46883,27611,
37058,46883,37121,49077,44263,
46883,16301,31290,39270,24175,
46883,15128,37058,27611,27875,
37058,11478,21958,46883,15128,
46883,37058,15128,27875,49077,
46883,37058,15128,27611,27875,
46883,37058,15128,27875,27611,
46883,37058,42483,15128,49077,
37058,49077,46883,15128,27611,
46883,37058,27611,49077,27875,
37058,46883,15128,27875,27611,
46883,13454,49077,37058,27611,
37058,46883,27875,27611,26981,
46883,25062,27611,15128,37058,
46883,25062,27611,49077,32644,
16841,37058,9915,46883,15128,
46883,15128,37058,27875,27611,
46883,37058,15128,27611,27875,
37058,46883,27611,15128,32388,
46883,37058,27875,15128,25062,
37058,27875,46883,27611,49077,
46883,15128,37058,27875,49077,
37058,46883,15128,27611,27875,
46883,37058,15128,27875,12551,
46883,37058,27875,27611,15128,
28786,37058,46883,21958,27875,
46883,37058,27611,27875,25062,
46883,37058,15128,27611,27875,
37058,46883,15128,27611,27875,
46883,37058,15128,27611,27875,
37058,27875,46883,15128,49077,
46883,37058,15128,27611,27875,
46883,21958,37058,44008,27611,
37058,27875,46883,27611,15128,
46883,37058,25062,27611,26871,
9915,3245,46883,16841,41082,
37058,46883,49077,32388,37121,
46883,37058,15128,27875,27611,
46883,49077,37058,15128,27611,
31825,20110,46883,44263,37058,
46883,15128,37058,12551,48705,
42483,29106,28096,46883,37058,
46883,37058,27611,1812,15128,
46883,37058,15128,27611,27875,
29580,46883,21958,27578,16191,
46883,37058,15128,27611,27875,
46883,37058,15128,27875,27611,
46883,31290,33257,27611,49077,
37058,46883,15128,27611,27875,
46883,37058,15128,49077,27611,
46883,37058,27611,25062,21958,
46883,37058,15128,27611,27875,
37058,46883,15128,27611,27875,
46883,15128,25062,37058,1812,
46883,49077,48705,47018,49341,
46883,37058,15128,27611,27875,
37058,27611,46883,27875,21517,
37058,46883,15128,27875,27611,
46883,45444,37058,15128,27611,
46883,37058,15128,27611,27875,
46883,37058,15128,27611,27875,
46883,37058,27875,27611,15128,
37058,27875,46883,27611,32388,
37058,21958,46883,29580,21941,
39270,45013,46883,24175,15128,
46883,49077,48705,47018,49341,
46883,21958,25062,27611,37058,
46883,27611,37058,27875,41168,
46883,37058,27611,25062,21958,
46883,37058,15128,27875,27611,
46883,37058,27875,49077,15128,
37058,46883,21958,19881,27611,
46883,37058,15128,27611,27875,
46883,37058,15128,21958,25062,
15128,46883,37058,27875,27611,
46883,37058,27611,25062,45444,
37058,27611,46883,27875,32388,
46883,27611,37058,15128,25062,
46883,37058,15128,27611,27875,
37058,46883,41989,42516,45444,
37058,46883,27611,27875,15128,
37058,46883,15128,27611,49077,
46883,37058,15128,1812,45444,
46883,15128,37058,12551,21958,
46883,37058,27611,45444,44684,
37058,41463,46883,15128,27875,
37058,46883,27875,15128,27611,
46883,27611,25062,15128,37058,
46883,27611,37058,15128,27875,
37058,46883,15128,27875,27611,
30100,49077,37121,44684,38242,
46883,49077,44684,45444,41168,
37058,46883,37121,49077,44263,
37058,27875,27611,46883,15128,
46883,37058,27611,27875,15128,
46883,25062,27611,37058,31868,
46883,49077,38446,44263,40236,
46883,37058,49077,27611,25062,
46883,37058,49077,27611,27875,
37058,36122,46883,27875,27611,
46883,37058,15128,27611,27875,
37058,29580,46883,15128,27611,
37058,27875,46883,27611,32388,
37058,30100,29580,21958,21941,
49077,37121,44684,38242,44263,
46883,37058,15128,27611,27875,
46883,37058,15128,27611,27875,
46883,37058,15128,27611,27875,
37058,15128,46883,12551,27611,
37058,44263,15128,27875,46883,
46883,37058,27611,27875,26981,
46883,37058,15128,27611,27875,
46883,37058,27611,15128,27875,
46883,37058,15128,27611,27875,
46883,37058,15128,27611,27875,
46883,15128,37058,12551,27611,
46883,37058,15128,49077,27875,
46883,37058,15128,27611,27875,
46883,27611,37058,30486,15128,
46883,37058,27611,15128,27875,
49077,48705,47018,49341,46883,
37058,46883,15128,27875,32388,
37058,46883,15128,27875,27611,
37058,15128,46883,27875,27611,
30100,46883,37058,15128,27611,
37058,15128,27875,46883,27611,
46883,37058,15128,27875,21958,
46883,15128,37058,27875,27611,
37058,46883,27875,15128,12551,
46883,37058,15128,27611,27875,
37058,46883,27875,27611,26981,
13559,9915,37058,46883,16841,
37058,15128,27875,46883,27611,
46883,37058,15128,27611,27875,
46883,48705,27611,37058,25062,
46883,37058,15128,27611,27875,
46883,25062,37058,1812,27611,
46883,15128,37058,42483,27611,
46883,37058,15128,27611,27875,
46883,37058,15128,27611,27875,
46883,37058,15128,27611,27875,
11478,46883,49077,44684,45444,
